https://atcoder.jp/users/nibosea/history/json
<class 'str'>
<class 'list'>
139
2
32
56
69
117
144
155
203
209
325
338
356
408
502
437
485
557
545
631
638
739
739
759
793
793
793
753
785
765
774
804
827
842
887
868
938
910
971
991
1067
1100
1119
1119
1083
1101
1094
1123
1080
1102
1170
1197
1229
1259
1254
1254
1247
1226
1188
1196
1181
1166
1148
1208
1266
1305
1273
1295
1300
1302
1306
1303
1301
1233
1225
1186
1176
1188
1200
1185
1188
1224
1227
1253
1354
1343
1307
1315
1308
1291
1290
1256
1238
1243
1252
1258
1224
1180
1123
1154
1184
1174
1181
1130
1125
1136
1162
1237
1240
1207
1177
1202
1227
1298
1262
1238
1228
1239
1242
1213
1189
1175
1227
1213
1196
1205
1202
1185
1241
1218
1221
1241
1263
1251
1228
1218
1193
1197
1207
1196
